0
0
0
0
0
0
0
0
0
0
<<<<<<< HEAD
8
8
8
0
=======
0
10
10
10
10
10
>>>>>>> 7cea31fcfce3a67e9d7380330fdfedb2791102a7
0
0
0
0
0
0
<<<<<<< HEAD
8
8
8
9
9
9
9
0
0
0
8
8
8
0
0
0
0
14
0
0
0
0
14
14
14
7
5
14
=======
0
0
0
0
14
0
0
0
0
0
0
18
18
0
14
0
0
0
0
>>>>>>> 7cea31fcfce3a67e9d7380330fdfedb2791102a7
0
0
0
18
<<<<<<< HEAD
18
14
14
7
5
14
14
14
0
18
0
14
14
7
0
0
=======
0
14
0
0
0
0
0
14
14
14
0
0
0
5
>>>>>>> 7cea31fcfce3a67e9d7380330fdfedb2791102a7
0
0
0
0
0
14
0
0
0
<<<<<<< HEAD
=======
5
>>>>>>> 7cea31fcfce3a67e9d7380330fdfedb2791102a7
0
0
0
0
0
<<<<<<< HEAD
=======
14
18
18
0
>>>>>>> 7cea31fcfce3a67e9d7380330fdfedb2791102a7
0
0
0
0
0
0
0
0
<<<<<<< HEAD
=======
18
0
0
0
>>>>>>> 7cea31fcfce3a67e9d7380330fdfedb2791102a7
0
0
0
0
0
0
0
0
0
0
